004495
001286
009162
008151
006387
002218
000677
007996
004003
008423
009659
004967
007886
000738
006562
009695
001903
002068
003120
001166
001948
001073
001192
008250
001175
002104
001962
001662
006466
006035
003554
004782
007506
009209
000379
000663
000347
002478
001102
000598
008999
003690
001324
009502
006884
004551
008794
007551
002208
002215
004500
003551
009693
001484
004955
004846
008730
006786
006129
005654
002293
003214
005515
009584
000427
001579
000289
004588
004019
007329
008095
005078
001312
003412
007793
006462
004563
009184
000929
007683
006896
009670
003577
000417
008465
002219
003311
006174
006474
005404
005325
006694
001853
005539
000810
001186
005032
004612
001892
004691
